# Created by Octave 3.8.2, Wed Dec 21 13:34:06 2016 CET <jaroddo@EVIRL-026-OK.dsic.cloud>
# name: w
# type: matrix
# rows: 101
# columns: 20
 -184.6 -184.5 -184.6 -184.4 -184.5 -184.6 -184.7 -184.7 -184.8 -184.6 -184.7 -184.7 -184.4 -184.5 -184.6 -184.5 -184.6 -184.7 -184.6 -184.7
 -14.56 -14.45 -14.45 -14.46 -14.44 -14.44 -14.42 -14.47 -14.45 -14.47 -14.45 -14.35 -14.51 -14.56 -14.41 -14.48 -14.25 -14.46 -14.22 -14.48
 -2.813 -2.802 -2.727 -2.752 -2.787 -2.677 -2.671 -2.696 -2.68 -2.658 -2.7 -2.228 -2.676 -2.797 -2.79 -2.706 -2.657 -2.564 -2.817 -2.801
 -3.701 -3.561 -3.544 -3.494 -3.583 -3.567 -3.588 -3.712 -3.538 -3.609 -3.569 -3.594 -3.526 -3.613 -3.489 -3.56 -2.867 -3.659 -3.366 -3.575
 -0.7612 -0.6991 -0.7105 -0.7105 -0.6969 -0.6756 -0.6571 -0.7305 -0.6742 -0.7159 -0.6718 -0.7267 -0.7678 -0.7793 -0.7053 -0.7271 -0.8322 -0.03 -0.3073 -0.6249
 -12.69 -12.73 -12.74 -12.74 -12.73 -12.74 -12.73 -12.67 -12.72 -12.74 -12.75 -12.63 -12.64 -12.79 -12.75 -12.74 -12.67 -12.72 -12.63 -12.69
 -6.514 -6.595 -6.661 -6.603 -6.614 -6.571 -6.403 -6.614 -6.503 -6.161 -6.076 -6.608 -6.578 -6.673 -6.627 -6.69 -6.604 -6.575 -6.616 -6.529
 -0.8907 -0.8045 -0.7856 -0.7943 -0.7995 -0.7769 -0.769 -0.8063 -0.7194 -0.914 -0.8282 -0.7762 -0.8111 -0.8072 -0.7862 -0.7317 -0.935 0.2888 -0.5673 -0.6497
 -0.7147 -0.6422 -0.6508 -0.7155 -0.7501 -0.6401 -0.5784 -0.6384 -0.6444 -0.6442 -0.628 0.6629 -0.9371 -0.7165 -0.3525 -0.6994 -0.7214 -0.6558 -0.9649 -0.6883
 -4.418 -4.394 -4.336 -4.375 -4.311 -4.377 -4.164 -4.348 -4.338 -4.071 -4.181 -4.331 -4.313 -4.363 -4.346 -4.389 -4.371 -4.326 -4.443 -4.378
 -0.3193 -0.3196 -0.3014 -0.3587 -0.362 -0.3586 -0.2971 -0.3347 -0.3138 -0.3393 -0.3131 0.2694 -0.4321 -0.3116 -0.3374 -0.3139 -0.226 -0.3239 -0.3214 -0.369
 -6.198 -6.112 -6.115 -6.114 -6.132 -6.093 -6.075 -6.117 -6.083 -6.126 -6.093 -6.084 -6.186 -6.222 -6.116 -6.207 -5.676 -6.092 -6.093 -5.926
 -2.164 -2.086 -2.142 -2.166 -2.179 -2.121 -1.919 -2.181 -2.115 -1.743 -1.645 -2.106 -1.931 -2.192 -2.233 -2.144 -2.133 -2.117 -2.155 -2.126
 -1.004 -0.631 -1.19 -1.091 -0.9251 0.4758 -0.8467 -0.8432 -0.8216 -0.8738 -0.8159 -0.8872 -0.9899 -0.8717 -0.9245 -1.041 -0.844 -0.8726 -1.032 -0.7406
 -2.465 -2.596 -2.515 -2.02 -2.215 -2.553 -2.304 -2.479 -2.454 -2.442 -2.463 -2.446 -2.548 -2.512 -2.458 -2.461 -2.474 -2.461 -2.502 -2.491
 -6.25 -6.293 -6.301 -6.321 -6.319 -6.305 -6.291 -6.311 -6.311 -6.299 -6.293 -6.329 -6.338 -6.365 -6.325 -6.472 -6.356 -6.331 -6.223 -6.098
 -7.076 -7.148 -7.149 -7.167 -7.157 -7.121 -7.087 -7.079 -7.106 -7.139 -7.077 -7.057 -7.196 -7.156 -7.143 -7.126 -7.038 -7.016 -6.895 -7.056
 -3.531 -3.457 -3.469 -3.497 -3.49 -3.419 -3.403 -3.433 -3.356 -3.452 -3.376 -3.424 -3.465 -3.484 -3.447 -3.494 -2.976 -3.422 -3.394 -3.19
 -4.333 -4.271 -4.276 -4.273 -4.319 -4.253 -4.254 -4.277 -4.282 -4.349 -4.238 -4.302 -4.279 -4.304 -4.303 -4.311 -4.347 -3.838 -4.202 -4.23
 -17.92 -18.01 -18 -18.01 -18.02 -18 -18.01 -18.01 -18.02 -18.01 -18.02 -18.02 -18 -17.93 -18.04 -18.05 -18.11 -18.01 -17.93 -17.84
 -9.044 -9.17 -9.163 -9.179 -9.185 -9.16 -9.16 -9.177 -9.172 -9.199 -9.165 -9.15 -9.189 -9.202 -9.165 -9.178 -9.137 -9.217 -9.215 -9.058
 -9.488 -9.403 -9.396 -9.393 -9.429 -9.404 -9.376 -9.373 -9.362 -9.423 -9.406 -9.394 -9.429 -9.328 -9.399 -9.349 -9.285 -9.366 -9.268 -9.339
 -7.426 -7.535 -7.492 -7.717 -6.704 -7.557 -7.39 -7.475 -7.41 -7.52 -7.402 -7.368 -7.464 -7.391 -7.474 -7.565 -7.579 -7.473 -7.564 -7.096
 -6.988 -7.186 -7.212 -7.223 -7.236 -7.23 -7.196 -7.223 -7.215 -7.226 -7.206 -7.252 -7.153 -7.283 -6.891 -7.281 -7.252 -7.179 -7.326 -7.051
 -16.04 -15.84 -16.01 -15.85 -15.89 -15.89 -15.92 -16 -15.99 -15.99 -16.02 -16.02 -15.85 -15.96 -15.89 -15.98 -15.99 -15.97 -16.04 -16.03
 -1.81 -1.742 -1.725 -1.401 -1.795 -1.725 -1.684 -1.664 -1.665 -1.191 -1.255 -1.71 -1.724 -1.768 -1.637 -1.772 -1.68 -1.688 -1.722 -1.758
 -1.471 -1.414 -1.416 -1.429 -1.488 -1.368 -1.285 -1.35 -1.362 -0.5109 -0.5282 -1.326 -1.483 -1.417 -1.384 -1.403 -1.443 -1.379 -1.538 -1.463
 -16.62 -16.56 -16.57 -16.59 -16.61 -16.56 -16.63 -16.63 -16.59 -16.65 -16.63 -16.58 -16.41 -16.54 -16.59 -16.6 -16.64 -16.58 -16.61 -16.58
 -6.408 -6.576 -6.58 -6.564 -6.585 -6.559 -6.544 -6.56 -6.527 -6.562 -6.525 -6.574 -6.558 -6.596 -6.567 -6.301 -6.595 -6.538 -6.725 -6.224
 -12.33 -12.28 -12.22 -11.84 -12.43 -12.19 -12.23 -12.29 -12.27 -12.31 -12.28 -12.32 -12.13 -12.27 -12.26 -12.32 -12.3 -12.28 -12.29 -12.29
 -16.96 -16.89 -16.95 -16.91 -16.88 -16.82 -16.85 -16.8 -16.85 -16.58 -16.83 -16.88 -16.92 -16.7 -16.79 -16.86 -16.84 -16.84 -16.88 -16.97
 -3.317 -3.234 -3.224 -3.237 -3.199 -3.235 -3.212 -3.281 -3.17 -3.174 -3.186 -3.253 -3.323 -3.314 -3.232 -3.42 -2.558 -3.045 -3.248 -3.122
 -2.967 -2.961 -2.984 -3.023 -2.974 -2.963 -2.838 -2.902 -2.843 -2.297 -2.31 -2.886 -3.096 -2.987 -2.818 -2.988 -2.907 -2.866 -3.042 -2.835
 -2.538 -2.364 -2.341 -2.336 -2.372 -2.291 -2.253 -2.286 -2.257 -2.31 -2.251 -2.314 -2.383 -2.329 -2.377 -1.762 -2.354 -2.446 -2.481 -1.935
 -7.168 -7.103 -7.102 -7.101 -7.109 -7.111 -7.092 -7.102 -7.107 -7.123 -7.092 -7.127 -7.031 -7.068 -7.117 -7.05 -6.862 -7.112 -7.078 -7.054
 -1.413 -1.35 -1.301 -1.379 -1.323 -1.264 -1.12 -1.229 -1.165 -0.2441 -1.091 -1.243 -1.42 -1.347 -1.277 -1.36 -1.316 -1.181 -1.455 -1.261
 -1.855 -2.09 -2.115 -2.284 -1.738 -2.073 -0.4542 -1.781 -1.804 -1.826 -1.81 -2.116 -1.915 -1.648 -1.971 -1.821 -1.815 -1.785 -1.799 -1.802
 -3.09 -3.269 -3.199 -3.2 -3.154 -2.812 -3.133 -2.843 -3.089 -3.087 -3.057 -2.723 -3.159 -3.092 -3.157 -3.106 -3.083 -3.083 -3.075 -3.111
 -0.3674 -0.2654 -0.2632 -0.2765 -0.2713 -0.2529 -0.2385 -0.4443 -0.2455 -0.2609 -0.2398 -0.2608 -0.2871 -0.2903 -0.2609 -0.3021 -0.2916 0.383 -0.1269 -0.2792
 -0.2118 -0.2161 -0.2179 -0.24 -0.2368 -0.2274 -0.1916 -0.2202 -0.1763 -0.8598 0.8738 -0.1899 -0.2551 -0.2459 -0.2344 -0.2515 -0.243 -0.1895 -0.1972 -0.1837
 -6.732 -6.679 -6.806 -6.738 -6.721 -6.569 -6.767 -6.79 -6.81 -6.832 -6.762 -6.79 -6.681 -6.62 -6.019 -6.827 -6.795 -6.807 -6.769 -6.973
 -1.668 -1.59 -1.554 -1.531 -1.574 -1.533 -1.489 -1.504 -1.468 -0.8407 -0.9208 -1.533 -1.562 -1.49 -1.374 -1.574 -1.577 -1.514 -1.769 -1.598
 -9.008 -9.022 -9.014 -9.038 -9.016 -9.012 -8.776 -8.062 -8.826 -9.041 -8.949 -8.991 -8.659 -9.069 -9.044 -9.064 -9.025 -8.96 -9.003 -8.959
 -26.91 -27.06 -27.06 -27.05 -27.06 -27.05 -27.03 -27.05 -27.04 -27.05 -27.04 -27.05 -27.08 -27.06 -27.08 -26.92 -27.06 -27.05 -27.08 -26.99
 -4.639 -4.662 -4.672 -4.682 -4.665 -4.675 -4.67 -4.72 -4.659 -4.723 -4.66 -4.674 -4.666 -4.779 -4.689 -4.333 -4.704 -4.666 -4.578 -4.666
 -6.262 -6.123 -6.128 -6.204 -6.127 -6.209 -6.198 -6.137 -6.19 -6.011 -5.831 -6.189 -6.087 -6.079 -6.207 -6.124 -6.338 -6.171 -6.063 -6.123
 -0.9572 -1.069 -0.9563 -0.9601 -0.984 -0.9432 -0.9344 -0.8725 -0.8524 -0.9 -0.8471 0.2873 -0.9655 -0.9268 -0.9688 -0.9145 -0.65 -0.8613 -0.9779 -0.9367
 -143 -143.2 -143.1 -143.2 -143.2 -143.1 -143.2 -143.1 -143.1 -143.1 -143.1 -143.1 -143.1 -143.2 -143.1 -143.2 -143.1 -143.1 -143 -143
 0.0733 -0.9492 -0.9426 -0.9849 -0.9972 -0.8806 -0.8517 -1.044 -0.8843 -0.9937 -0.8735 -0.9695 -1.168 -1.253 -1.165 -1.104 -1.06 -0.9515 -1.615 -0.017
 -0.762 -0.955 -0.934 -0.9697 -0.9171 -0.9 -0.8393 -0.8814 -0.8578 -0.9408 -0.8241 -0.8877 -0.9884 -0.9701 0.2803 -0.9832 -0.9341 -0.8564 -1.034 -0.9763
 -3.444 -3.367 -3.341 -3.319 -3.436 -3.335 -3.336 -3.308 -3.319 -3.405 -3.366 -3.355 -3.358 -3.385 -3.401 -3.033 -3.391 -3.352 -3.409 -3.085
 -0.5714 -0.4546 -0.4401 -0.4622 -0.4477 -0.4468 -0.4451 -0.4303 -0.4512 -0.4964 -0.45 -0.477 -0.4798 -0.4823 -0.5285 -0.5084 -0.5201 0.2216 -0.4173 -0.482
 -0.6779 -0.3078 -0.2701 -0.2809 -0.3233 -0.2414 -0.2335 -0.2219 -0.2102 -0.2611 -0.2223 -0.2351 -0.2832 -0.321 -0.3243 1.121 -0.282 -0.2708 -0.3547 -0.7144
 -7.449 -7.818 -7.826 -7.82 -7.793 -7.821 -7.79 -7.808 -7.797 -7.827 -7.791 -7.828 -7.813 -7.882 -7.844 -7.867 -7.78 -7.787 -7.89 -7.611
 -1.881 -1.595 -1.605 -1.575 -1.615 -1.469 -1.491 -1.532 -1.509 -1.579 -1.511 -1.611 -1.655 -1.749 -1.515 -1.104 -1.648 -1.585 -1.751 -1.315
 -6.327 -6.521 -6.531 -6.563 -6.548 -6.525 -6.472 -6.491 -6.535 -6.544 -6.541 -6.468 -6.527 -6.544 -6.511 -6.377 -6.584 -6.349 -6.311 -6.563
 -6.438 -6.626 -6.625 -6.631 -6.633 -6.608 -6.621 -6.617 -6.636 -6.637 -6.621 -6.652 -6.653 -6.616 -6.666 -6.636 -6.683 -6.467 -6.503 -6.535
 -7.719 -7.335 -7.432 -7.691 -7.796 -7.625 -7.756 -7.726 -7.711 -7.758 -7.72 -7.702 -7.806 -7.808 -7.761 -7.781 -7.78 -7.715 -7.74 -7.736
 -1.047 -1.564 -1.558 -1.561 -1.572 -1.575 -1.588 -1.572 -1.569 -1.555 -1.583 -1.595 -1.569 -1.595 -1.539 -1.518 -1.694 -1.064 -1.86 -1.784
 -1.423 -1.23 -1.247 -1.305 -1.298 -1.151 -1.067 -1.097 -0.0815 -1.212 -1.142 -1.184 -1.371 -1.313 -1.174 -1.268 -1.275 -1.168 -1.273 -1.257
 -1.396 -0.6022 -1.627 -1.625 -1.651 -1.566 -1.519 -1.557 -1.518 -1.594 -1.532 -0.7857 -1.744 -1.617 -1.454 -1.65 -1.634 -1.521 -1.609 -1.601
 -6.574 -6.719 -6.698 -6.716 -6.71 -6.689 -6.677 -6.696 -6.667 -6.715 -6.675 -6.702 -6.736 -6.774 -6.727 -6.596 -6.739 -6.732 -6.831 -6.496
 -0.7895 -0.8228 -0.8192 -0.8416 -0.8594 -0.7504 -0.8891 -0.7974 -0.7728 -0.285 -0.3609 -0.7612 -0.9375 -0.8546 -0.9622 -0.8464 -0.8036 -0.8149 -0.8971 -0.9008
 -4.67 -4.664 -4.397 -4.715 -4.56 -3.772 -4.608 -4.528 -4.502 -4.584 -4.58 -4.689 -4.824 -4.586 -4.72 -4.676 -4.606 -4.585 -4.725 -4.641
 -15.01 -15.01 -14.94 -14.7 -14.82 -15 -14.82 -14.9 -14.91 -14.97 -14.96 -14.97 -14.96 -15 -15 -15 -14.96 -14.95 -15 -14.95
 -7.675 -7.581 -7.496 -7.234 -7.306 -7.53 -7.468 -7.564 -7.574 -7.596 -7.563 -7.593 -7.478 -7.681 -7.603 -7.629 -7.626 -7.576 -7.669 -7.611
 -2.473 -2.457 -2.45 -2.549 -2.51 -2.411 -2.389 -1.407 -2.292 -2.465 -2.33 -2.418 -2.453 -2.579 -2.457 -2.58 -2.489 -2.357 -2.596 -2.5
 -6.847 -6.878 -6.726 -6.628 -6.609 -6.791 -6.724 -6.783 -6.753 -6.814 -6.764 -6.727 -6.67 -6.83 -6.794 -6.748 -6.787 -6.766 -6.79 -6.813
 -12.36 -12.14 -12.06 -12.36 -12.38 -12.07 -12.32 -12.34 -12.31 -12.35 -12.33 -12.27 -12.38 -12.35 -12.39 -12.36 -12.35 -12.32 -12.38 -12.34
 -1.923 -2.056 -2.078 -2.042 -2.11 -2.083 -1.922 -2.032 -1.951 -1.491 -1.728 -2.013 -2.069 -2.112 -2.04 -2.122 -2.131 -1.993 -1.981 -1.97
 -7.795 -7.8 -7.799 -7.801 -7.799 -7.779 -7.772 -7.792 -7.731 -7.804 -7.753 -7.815 -7.852 -7.839 -7.696 -7.821 -7.611 -7.647 -7.685 -7.734
 -68.27 -68.34 -68.34 -68.35 -68.34 -68.35 -68.34 -68.33 -68.33 -68.34 -68.33 -68.31 -68.34 -68.21 -68.34 -68.32 -68.3 -68.33 -68.19 -68.34
 -0.6657 -0.5699 -0.5752 -0.651 -0.6739 -0.5544 -0.3442 -0.5479 -0.5334 -0.9531 0.849 -0.5491 -0.6164 -0.6549 -0.5963 -0.6123 -0.6009 -0.4924 -0.6731 -0.6434
 -5.488 -5.452 -5.447 -5.16 -5.341 -5.508 -5.454 -5.455 -5.424 -5.483 -5.442 -5.278 -4.925 -5.514 -5.51 -5.472 -5.453 -5.436 -5.599 -5.485
 -1.757 -1.963 -1.929 -1.952 -1.94 -1.891 -1.84 -1.918 -1.821 -1.989 -1.81 -1.903 -2.003 -1.953 -1.948 -1.917 -2.002 -0.8672 -1.536 -1.959
 -8.282 -8.27 -8.268 -8.113 -8.365 -8.175 -8.131 -8.294 -8.275 -8.274 -8.271 -8.202 -8.311 -8.329 -8.311 -8.289 -8.309 -8.267 -8.322 -8.28
 -1.511 -1.482 -1.396 -1.523 -1.525 -1.532 -1.496 -1.097 0.5299 -1.553 -1.415 -1.161 -1.362 -1.39 -1.461 -1.452 -1.428 -1.371 -1.706 -1.492
 -1.018 -0.887 -0.8459 -0.9662 -0.9556 -0.8508 -0.6478 -0.9277 0.7291 -0.9045 -0.8737 -0.9234 -1.033 -0.8424 -0.9457 -0.9699 -0.9552 -0.8513 -1.122 -0.9931
 -2.739 -2.63 -2.647 -2.625 -2.6 -2.6 -2.593 -2.579 -2.583 -2.612 -2.576 -2.671 -2.625 -2.682 -2.673 -2.61 -2.544 -2.702 -2.387 -2.584
 -7.069 -7.039 -6.979 -7.019 -7.066 -6.971 -7.021 -7.013 -6.96 -6.95 -6.954 -6.513 -6.881 -6.943 -6.996 -6.999 -7.019 -6.969 -7.117 -6.967
 -118.5 -118.5 -118.6 -118.5 -118.6 -118.5 -118.5 -118.5 -118.5 -118.5 -118.5 -118.5 -118.5 -118.4 -118.5 -118.5 -118.5 -118.5 -118.3 -118.5
 -4.126 -3.922 -3.924 -3.949 -3.91 -3.926 -3.95 -3.931 -3.933 -3.704 -3.973 -3.913 -3.946 -3.946 -3.939 -3.825 -3.916 -3.758 -3.901 -4.016
 -2.896 -3.002 -2.969 -3.006 -3.041 -2.974 -2.959 -2.972 -2.941 -2.974 -2.954 -2.97 -3.038 -3.047 -2.955 -2.592 -2.977 -3.022 -3.064 -2.965
 -3.969 -4.126 -4.126 -4.141 -4.138 -4.086 -4.04 -4.091 -4.083 -4.132 -4.071 -4.073 -4.164 -4.197 -4.017 -3.888 -4.122 -4.103 -4.179 -4.105
 -0.8442 -0.6991 -0.6893 -0.6921 -0.6869 -0.6758 -0.6353 -0.6965 -0.645 -0.7371 -0.6418 -0.7276 -0.718 -0.7244 -0.7328 -0.7619 -0.811 0.4114 -0.4881 -0.7503
 -31.76 -31.91 -31.91 -31.8 -31.83 -31.87 -31.85 -31.88 -31.87 -31.91 -31.9 -31.89 -31.86 -31.84 -31.85 -31.92 -31.92 -31.89 -31.86 -31.86
 -6.593 -6.589 -6.576 -6.582 -6.634 -6.571 -6.561 -6.575 -6.582 -6.633 -6.531 -6.447 -6.683 -6.641 -6.645 -6.638 -6.412 -6.479 -6.25 -6.545
 -12.36 -12.24 -11.45 -12.24 -12.48 -12.08 -12.31 -12.29 -12.29 -12.34 -12.28 -12.34 -12.45 -12.33 -12.36 -12.37 -12.33 -12.3 -12.35 -12.32
 -3.487 -3.552 -3.526 -3.552 -3.54 -3.518 -3.554 -3.57 -3.489 -3.552 -3.533 -3.592 -3.56 -3.56 -3.501 -3.614 -3.139 -3.388 -3.684 -3.335
 -6.68 -6.577 -6.875 -7.205 -6.071 -7.021 -6.868 -6.842 -6.778 -6.87 -6.823 -6.829 -7.009 -6.876 -6.801 -6.901 -6.878 -6.818 -6.976 -6.821
 -2.743 -2.666 -2.874 -2.887 -2.644 -2.763 -0.945 -2.662 -2.601 -2.84 -2.787 -2.651 -2.663 -2.538 -2.697 -2.726 -2.706 -2.696 -2.77 -2.698
 -8.014 -8.128 -8.259 -8.293 -8.267 -8.207 -8.173 -8.231 -8.167 -8.267 -8.189 -8.203 -8.214 -8.261 -7.328 -8.248 -8.247 -8.212 -8.327 -8.058
 -4.202 -3.077 -4.361 -4.276 -4.251 -4.003 -4.051 -4.13 -4.102 -4.176 -4.16 -4.169 -4.307 -4.174 -4.235 -4.145 -4.156 -4.115 -4.253 -4.141
 -13.22 -13.21 -13.02 -12.82 -13.05 -13.24 -13.11 -13.19 -13.17 -13.22 -13.19 -13.18 -13.2 -13.24 -13.22 -13.22 -13.17 -13.18 -13.21 -13.2
 -0.3729 -0.337 -0.3513 -0.3688 -0.3572 -0.3107 -0.3003 -0.3047 -0.273 -0.7541 0.9847 -0.2968 -0.4014 -0.3564 -0.3381 -0.391 -0.357 -0.2833 -0.4128 -0.3155
 -0.2732 -0.1952 -0.1801 -0.2048 -0.1963 -0.1857 -0.1761 -0.2599 -0.1721 -0.2206 -0.1726 -0.1992 -0.2108 -0.2274 -0.2041 -0.2244 -0.2637 0.1498 -0.0392 -0.2193
 -11.92 -12.08 -12.07 -12.08 -12.04 -12.06 -12.04 -12.06 -12.06 -12.08 -12.05 -12.04 -12.12 -11.84 -12.06 -12.01 -12.04 -12.07 -12.02 -12.02
 -0.4211 -0.2725 -0.2635 -0.2703 -0.2615 -0.2539 -0.2327 -0.2358 -0.245 -0.2731 -0.2365 -0.2985 -0.331 -0.333 -0.2653 -0.3156 -0.2679 0.0104 -0.0795 -0.2614
 -5.813 -5.847 -5.495 -5.705 -5.704 -5.577 -5.753 -5.659 -5.675 -5.605 -5.514 -5.617 -5.683 -5.685 -5.762 -5.673 -5.626 -5.681 -5.646 -5.702
 -0.5816 -0.5414 -0.483 -0.5244 -0.5288 -0.4353 -0.3949 -0.4745 -0.4815 -0.482 -0.422 0.7564 -0.5569 -0.5176 -0.4779 -0.5149 -0.3488 -0.4966 -0.8468 -0.6416
 -0.3669 -0.2943 -0.2779 -0.3035 -0.2944 -0.2663 -0.2512 -0.2705 -0.2556 -0.3047 -0.258 -0.2714 -0.3206 -0.2891 -0.2735 -0.286 -0.3082 0.2489 -0.2218 -0.307


