# Created by Octave 3.8.2, Thu Dec 15 10:54:22 2016 CET <jaroddo@EVIRL-026-OK.dsic.cloud>
# name: w
# type: matrix
# rows: 1281
# columns: 2
 -0.0033 0.0033
 -0.2286 0.2286
 -0.5024 0.5024
 0.2188 -0.2188
 -0.4806 0.4806
 0.6184 -0.6184
 -0.1535 0.1535
 1.377 -1.377
 1.064 -1.064
 0.6538 -0.6538
 0.6845 -0.6845
 -0.9439 0.9439
 -0.1639 0.1639
 -0.692 0.692
 0.01199 -0.01199
 0.2874 -0.2874
 0.5271 -0.5271
 0.128 -0.128
 0.03901 -0.03901
 0.5033 -0.5033
 -0.1848 0.1848
 -0.2533 0.2533
 -0.3987 0.3987
 -0.6463 0.6463
 0.3122 -0.3122
 -0.05533 0.05533
 -0.03798 0.03798
 -0.2735 0.2735
 -0.02019 0.02019
 0.2736 -0.2736
 -0.1843 0.1843
 -0.28 0.28
 1.225 -1.225
 -0.2228 0.2228
 -0.5887 0.5887
 0.2006 -0.2006
 -0.0705 0.0705
 -0.1685 0.1685
 -0.6983 0.6983
 0.9233 -0.9233
 -0.2024 0.2024
 -0.4493 0.4493
 -0.125 0.125
 0.1727 -0.1727
 -0.8475 0.8475
 -0.367 0.367
 -0.01939 0.01939
 -0.3649 0.3649
 0.1544 -0.1544
 -0.5613 0.5613
 -0.2733 0.2733
 0.1415 -0.1415
 -0.1122 0.1122
 0.3163 -0.3163
 1.006 -1.006
 0.1544 -0.1544
 -0.4745 0.4745
 0.4014 -0.4014
 -0.07361 0.07361
 -0.2094 0.2094
 -0.4358 0.4358
 -0.002493 0.002493
 0.1482 -0.1482
 -0.4937 0.4937
 -0.9291 0.9291
 -0.2294 0.2294
 0.007489 -0.007489
 -0.05541 0.05541
 0.1269 -0.1269
 1.068 -1.068
 0.1392 -0.1392
 0.06834 -0.06834
 -0.0381 0.0381
 -0.3099 0.3099
 0.3311 -0.3311
 -0.183 0.183
 0.6957 -0.6957
 0.5639 -0.5639
 0.4126 -0.4126
 0.3052 -0.3052
 0.03281 -0.03281
 0.2904 -0.2904
 -0.009916 0.009916
 0.2874 -0.2874
 0.01374 -0.01374
 0.2805 -0.2805
 0.06957 -0.06957
 0.005367 -0.005367
 -0.8763 0.8763
 0.01755 -0.01755
 -0.47 0.47
 -0.1935 0.1935
 0.1934 -0.1934
 -0.071 0.071
 -0.00476 0.00476
 0.4838 -0.4838
 -0.1696 0.1696
 -0.1983 0.1983
 0.04627 -0.04627
 0.07276 -0.07276
 -0.07651 0.07651
 0.3533 -0.3533
 -0.3987 0.3987
 -0.2444 0.2444
 -0.5438 0.5438
 0.6272 -0.6272
 0.03958 -0.03958
 -0.1283 0.1283
 0.0024 -0.0024
 -0.05858 0.05858
 -0.6101 0.6101
 -0.3075 0.3075
 0.3564 -0.3564
 0.1776 -0.1776
 -0.9677 0.9677
 -0.6633 0.6633
 0.3108 -0.3108
 -0.05717 0.05717
 -0.3146 0.3146
 -0.3954 0.3954
 0.1364 -0.1364
 0.2974 -0.2974
 0.1326 -0.1326
 0.495 -0.495
 0.2328 -0.2328
 -0.2287 0.2287
 0.1072 -0.1072
 0.1347 -0.1347
 0.2348 -0.2348
 0.1196 -0.1196
 0.1799 -0.1799
 0.2229 -0.2229
 -0.09448 0.09448
 -0.499 0.499
 0.1474 -0.1474
 0.07473 -0.07473
 -0.1118 0.1118
 0.1252 -0.1252
 -0.174 0.174
 0.02708 -0.02708
 -0.0048 0.0048
 0.06285 -0.06285
 0.06222 -0.06222
 -0.3107 0.3107
 -0.6908 0.6908
 -0.5201 0.5201
 0.4018 -0.4018
 0.379 -0.379
 0.4842 -0.4842
 0.05096 -0.05096
 1.194 -1.194
 -0.01452 0.01452
 0.2193 -0.2193
 0.6339 -0.6339
 0.4752 -0.4752
 0.3241 -0.3241
 -0.1888 0.1888
 0.02225 -0.02225
 -0.2503 0.2503
 -0.3366 0.3366
 -0.1246 0.1246
 0.2543 -0.2543
 -1.727 1.727
 -0.181 0.181
 0.0494 -0.0494
 -0.4429 0.4429
 -0.3369 0.3369
 -0.4072 0.4072
 -0.1151 0.1151
 -0.2996 0.2996
 0.2641 -0.2641
 0.2187 -0.2187
 1.005 -1.005
 0.1068 -0.1068
 -0.0418 0.0418
 0.1246 -0.1246
 0.3566 -0.3566
 0.2897 -0.2897
 0.01114 -0.01114
 0.3156 -0.3156
 0.3176 -0.3176
 -0.3272 0.3272
 -0.2306 0.2306
 -0.2158 0.2158
 0.1427 -0.1427
 0.1449 -0.1449
 0.3161 -0.3161
 -0.5958 0.5958
 -0.5227 0.5227
 -0.1424 0.1424
 0.357 -0.357
 -0.2713 0.2713
 0.1674 -0.1674
 0.05972 -0.05972
 0.06031 -0.06031
 0.1917 -0.1917
 -0.2449 0.2449
 0.3546 -0.3546
 0.7927 -0.7927
 -0.1913 0.1913
 -0.3948 0.3948
 -0.5165 0.5165
 0.5505 -0.5505
 0.03265 -0.03265
 0.02434 -0.02434
 -0.258 0.258
 -0.2136 0.2136
 -0.1671 0.1671
 -0.4058 0.4058
 0.6648 -0.6648
 -0.6154 0.6154
 -0.2105 0.2105
 -0.4113 0.4113
 -0.1221 0.1221
 0.2154 -0.2154
 -0.6298 0.6298
 -0.1689 0.1689
 -0.378 0.378
 0.08835 -0.08835
 -0.285 0.285
 -0.7671 0.7671
 0.4121 -0.4121
 0.101 -0.101
 0.2397 -0.2397
 -0.07082 0.07082
 -0.04025 0.04025
 0.1757 -0.1757
 0.2452 -0.2452
 0.42 -0.42
 0.3778 -0.3778
 -0.381 0.381
 1.282 -1.282
 -0.3535 0.3535
 -0.2615 0.2615
 -0.3084 0.3084
 -0.3391 0.3391
 0.2772 -0.2772
 -0.05038 0.05038
 -0.4201 0.4201
 -0.3185 0.3185
 -0.2662 0.2662
 0.1825 -0.1825
 -0.1553 0.1553
 0.2306 -0.2306
 -0.7069 0.7069
 -0.5188 0.5188
 0.1765 -0.1765
 -0.08392 0.08392
 -0.201 0.201
 -0.006232 0.006232
 0.1956 -0.1956
 -0.1874 0.1874
 0.3302 -0.3302
 -0.4488 0.4488
 0.05628 -0.05628
 -0.02997 0.02997
 -0.3301 0.3301
 -0.7244 0.7244
 0.3144 -0.3144
 0.1342 -0.1342
 0.4059 -0.4059
 0.1813 -0.1813
 0.2352 -0.2352
 -0.00743 0.00743
 0.02977 -0.02977
 -0.1091 0.1091
 -0.6088 0.6088
 -0.4496 0.4496
 -0.4029 0.4029
 0.5098 -0.5098
 0.4415 -0.4415
 -0.4115 0.4115
 -0.7134 0.7134
 -0.01279 0.01279
 0.5258 -0.5258
 -0.01971 0.01971
 -0.5846 0.5846
 -0.567 0.567
 -0.61 0.61
 -0.4885 0.4885
 -0.1537 0.1537
 0.5949 -0.5949
 -0.3601 0.3601
 -0.04538 0.04538
 -0.07612 0.07612
 -0.8314 0.8314
 0.2789 -0.2789
 0.4513 -0.4513
 0.3879 -0.3879
 -0.5142 0.5142
 -0.6612 0.6612
 0.2248 -0.2248
 0.1187 -0.1187
 0.164 -0.164
 0.03664 -0.03664
 -0.2217 0.2217
 0.6131 -0.6131
 0.6854 -0.6854
 -0.3822 0.3822
 -0.6819 0.6819
 0.4822 -0.4822
 0.06941 -0.06941
 0.05895 -0.05895
 -0.1382 0.1382
 -0.684 0.684
 0.3072 -0.3072
 -0.5115 0.5115
 0.3773 -0.3773
 0.7076 -0.7076
 -0.1127 0.1127
 0.208 -0.208
 0.02774 -0.02774
 -0.473 0.473
 -0.6224 0.6224
 -0.04351 0.04351
 -1.47 1.47
 0.1903 -0.1903
 0.7368 -0.7368
 0.2935 -0.2935
 -0.1107 0.1107
 0.1977 -0.1977
 -0.448 0.448
 0.04841 -0.04841
 0.1816 -0.1816
 -0.204 0.204
 -0.4433 0.4433
 0.4859 -0.4859
 -0.04239 0.04239
 -0.9572 0.9572
 -0.5693 0.5693
 -0.2313 0.2313
 0.08202 -0.08202
 -0.177 0.177
 0.05374 -0.05374
 0.6025 -0.6025
 -0.635 0.635
 0.09819 -0.09819
 0.321 -0.321
 -0.8418 0.8418
 -0.05929 0.05929
 0.04758 -0.04758
 -0.3369 0.3369
 -0.07552 0.07552
 0.4927 -0.4927
 0.4635 -0.4635
 0.1326 -0.1326
 -0.3283 0.3283
 0.212 -0.212
 0.6428 -0.6428
 0.197 -0.197
 -0.2767 0.2767
 0.2714 -0.2714
 -0.1049 0.1049
 -0.1773 0.1773
 -0.4296 0.4296
 -0.001966 0.001966
 -0.3563 0.3563
 0.03423 -0.03423
 0.4152 -0.4152
 -0.7685 0.7685
 0.1362 -0.1362
 0.212 -0.212
 -0.7321 0.7321
 -0.2996 0.2996
 0.276 -0.276
 -0.05409 0.05409
 0.3323 -0.3323
 -0.1454 0.1454
 -0.05266 0.05266
 -0.4105 0.4105
 0.8515 -0.8515
 -0.1213 0.1213
 0.121 -0.121
 -0.3209 0.3209
 -0.01787 0.01787
 0.3388 -0.3388
 0.617 -0.617
 0.2083 -0.2083
 -0.6799 0.6799
 -0.5152 0.5152
 0.3459 -0.3459
 -0.05475 0.05475
 0.1372 -0.1372
 -0.2747 0.2747
 -0.07756 0.07756
 -0.01329 0.01329
 -0.06205 0.06205
 -0.8768 0.8768
 0.1906 -0.1906
 -0.3324 0.3324
 0.3746 -0.3746
 -0.4822 0.4822
 0.1243 -0.1243
 0.8956 -0.8956
 -0.1231 0.1231
 0.6472 -0.6472
 -0.3775 0.3775
 0.3984 -0.3984
 0.1459 -0.1459
 -0.0916 0.0916
 0.3511 -0.3511
 -0.6956 0.6956
 -0.7264 0.7264
 -0.6422 0.6422
 0.1989 -0.1989
 -0.5088 0.5088
 0.07921 -0.07921
 -0.6267 0.6267
 0.5423 -0.5423
 -0.04518 0.04518
 -0.2406 0.2406
 -0.1903 0.1903
 -0.06601 0.06601
 -0.0234 0.0234
 -0.04919 0.04919
 -0.1081 0.1081
 0.6408 -0.6408
 -0.457 0.457
 -0.6306 0.6306
 0.1893 -0.1893
 0.08978 -0.08978
 0.5904 -0.5904
 -0.2936 0.2936
 -0.6405 0.6405
 -0.2224 0.2224
 0.678 -0.678
 0.03678 -0.03678
 -0.1458 0.1458
 -0.4143 0.4143
 -0.6722 0.6722
 0.07311 -0.07311
 0.4526 -0.4526
 -0.5821 0.5821
 -0.09411 0.09411
 0.2671 -0.2671
 -0.1165 0.1165
 0.7465 -0.7465
 -0.1922 0.1922
 0.2061 -0.2061
 0.07723 -0.07723
 -0.2977 0.2977
 -3.5e-06 3.5e-06
 -0.841 0.841
 0.2962 -0.2962
 -0.133 0.133
 -0.2357 0.2357
 -0.02786 0.02786
 -0.09631 0.09631
 0.4127 -0.4127
 0.1515 -0.1515
 -0.2053 0.2053
 0.1359 -0.1359
 0.01313 -0.01313
 0.1634 -0.1634
 0.3621 -0.3621
 -0.4376 0.4376
 0.07446 -0.07446
 -0.1973 0.1973
 -0.2268 0.2268
 -0.2553 0.2553
 -0.1607 0.1607
 0.592 -0.592
 0.248 -0.248
 -0.07408 0.07408
 -0.4946 0.4946
 -0.4836 0.4836
 -0.133 0.133
 -0.1495 0.1495
 -0.1965 0.1965
 0.02271 -0.02271
 0.5535 -0.5535
 0.582 -0.582
 0.06781 -0.06781
 -0.0801 0.0801
 0.2566 -0.2566
 0.1882 -0.1882
 -1.033 1.033
 -0.11 0.11
 1.11 -1.11
 0.08262 -0.08262
 0.1972 -0.1972
 -0.3843 0.3843
 -0.1707 0.1707
 -0.4625 0.4625
 -0.1505 0.1505
 -0.3569 0.3569
 -0.1491 0.1491
 -0.3685 0.3685
 0.09719 -0.09719
 0.5021 -0.5021
 0.01558 -0.01558
 0.2684 -0.2684
 -0.2048 0.2048
 -0.234 0.234
 0.2344 -0.2344
 -0.6017 0.6017
 -0.09014 0.09014
 0.579 -0.579
 -0.4327 0.4327
 -0.1597 0.1597
 -0.138 0.138
 0.218 -0.218
 0.1957 -0.1957
 0.3271 -0.3271
 -0.2141 0.2141
 -0.07166 0.07166
 0.1663 -0.1663
 -0.8427 0.8427
 0.4275 -0.4275
 0.1373 -0.1373
 -0.4233 0.4233
 -0.1921 0.1921
 -0.3785 0.3785
 0.2776 -0.2776
 0.2643 -0.2643
 -0.03054 0.03054
 0.3115 -0.3115
 0.2833 -0.2833
 -0.08659 0.08659
 0.3651 -0.3651
 -0.08423 0.08423
 -0.25 0.25
 -0.4855 0.4855
 0.08212 -0.08212
 -0.5136 0.5136
 0.3402 -0.3402
 -0.3603 0.3603
 -0.453 0.453
 0.001351 -0.001351
 0.2208 -0.2208
 -0.04692 0.04692
 -0.2887 0.2887
 -0.04825 0.04825
 -0.3868 0.3868
 0.4907 -0.4907
 0.01426 -0.01426
 -0.293 0.293
 -0.3349 0.3349
 0.289 -0.289
 -0.1655 0.1655
 0.02259 -0.02259
 0.4994 -0.4994
 0.3557 -0.3557
 0.7244 -0.7244
 0.1828 -0.1828
 -0.2371 0.2371
 -0.4612 0.4612
 0.3967 -0.3967
 -0.2611 0.2611
 0.1387 -0.1387
 0.02144 -0.02144
 0.8175 -0.8175
 0.39 -0.39
 -0.4508 0.4508
 0.6138 -0.6138
 1.327 -1.327
 0.6572 -0.6572
 0.6056 -0.6056
 0.671 -0.671
 -0.1146 0.1146
 -0.03694 0.03694
 -0.3433 0.3433
 0.6668 -0.6668
 0.06125 -0.06125
 -0.4044 0.4044
 0.2567 -0.2567
 0.02079 -0.02079
 -0.3097 0.3097
 0.133 -0.133
 -0.05749 0.05749
 -0.1045 0.1045
 0.2986 -0.2986
 0.2996 -0.2996
 0.6484 -0.6484
 -0.2862 0.2862
 -0.3212 0.3212
 -0.634 0.634
 -0.2062 0.2062
 -0.2205 0.2205
 -0.6756 0.6756
 -0.4859 0.4859
 -0.2386 0.2386
 0.06852 -0.06852
 -0.8271 0.8271
 -0.3502 0.3502
 -0.374 0.374
 -0.2943 0.2943
 -0.2215 0.2215
 0.1688 -0.1688
 0.01092 -0.01092
 -0.5504 0.5504
 -0.1536 0.1536
 -0.0444 0.0444
 0.6146 -0.6146
 0.542 -0.542
 0.7227 -0.7227
 -0.6254 0.6254
 -0.0597 0.0597
 0.6047 -0.6047
 0.08209 -0.08209
 -0.2489 0.2489
 0.4813 -0.4813
 -0.1189 0.1189
 -0.1321 0.1321
 -0.08894 0.08894
 -0.2581 0.2581
 0.3345 -0.3345
 -0.7811 0.7811
 0.2297 -0.2297
 0.4569 -0.4569
 0.163 -0.163
 -0.1321 0.1321
 0.208 -0.208
 0.8748 -0.8748
 -0.4365 0.4365
 0.09012 -0.09012
 0.4215 -0.4215
 0.3915 -0.3915
 -0.2988 0.2988
 -0.5465 0.5465
 0.4765 -0.4765
 -0.3212 0.3212
 0.2885 -0.2885
 -0.1894 0.1894
 0.3439 -0.3439
 -0.6731 0.6731
 0.07055 -0.07055
 -0.5539 0.5539
 0.2237 -0.2237
 0.2597 -0.2597
 -0.4402 0.4402
 0.1215 -0.1215
 0.1084 -0.1084
 0.3994 -0.3994
 0.2113 -0.2113
 0.2665 -0.2665
 0.3041 -0.3041
 -1.2 1.2
 -0.03847 0.03847
 -0.01591 0.01591
 0.6414 -0.6414
 -0.07018 0.07018
 -0.006541 0.006541
 0.03693 -0.03693
 0.5855 -0.5855
 0.09611 -0.09611
 -0.04669 0.04669
 0.05303 -0.05303
 -0.6013 0.6013
 -0.6264 0.6264
 0.02772 -0.02772
 0.00372 -0.00372
 -0.08217 0.08217
 -0.2534 0.2534
 0.6427 -0.6427
 0.2368 -0.2368
 0.4856 -0.4856
 0.1987 -0.1987
 0.4349 -0.4349
 0.5099 -0.5099
 0.325 -0.325
 0.3116 -0.3116
 0.02443 -0.02443
 -0.06265 0.06265
 -0.4684 0.4684
 -0.22 0.22
 0.7044 -0.7044
 0.1477 -0.1477
 -0.2843 0.2843
 0.6152 -0.6152
 0.244 -0.244
 -0.9099 0.9099
 0.4502 -0.4502
 -0.631 0.631
 -0.3122 0.3122
 0.1382 -0.1382
 0.2576 -0.2576
 0.4302 -0.4302
 0.3879 -0.3879
 -0.6859 0.6859
 -0.2774 0.2774
 0.05503 -0.05503
 0.2199 -0.2199
 0.7206 -0.7206
 -0.1313 0.1313
 -0.4231 0.4231
 -0.6684 0.6684
 -0.5567 0.5567
 1.026 -1.026
 -0.1607 0.1607
 0.39 -0.39
 0.4759 -0.4759
 0.2777 -0.2777
 0.04732 -0.04732
 -0.2544 0.2544
 0.1338 -0.1338
 0.05096 -0.05096
 0.4949 -0.4949
 0.3757 -0.3757
 -0.06661 0.06661
 0.2999 -0.2999
 -0.3518 0.3518
 0.7388 -0.7388
 0.07346 -0.07346
 -0.3894 0.3894
 0.4615 -0.4615
 0.2174 -0.2174
 1.224 -1.224
 0.3016 -0.3016
 0.05387 -0.05387
 -0.08358 0.08358
 -0.3014 0.3014
 -0.5293 0.5293
 0.2516 -0.2516
 -0.6348 0.6348
 -0.1049 0.1049
 -0.5946 0.5946
 0.1689 -0.1689
 -0.58 0.58
 -0.2307 0.2307
 -0.4 0.4
 0.6754 -0.6754
 -0.5941 0.5941
 0.5929 -0.5929
 0.2655 -0.2655
 0.3183 -0.3183
 -0.6614 0.6614
 0.7114 -0.7114
 0.4184 -0.4184
 0.4022 -0.4022
 0.58 -0.58
 -0.6868 0.6868
 -0.02946 0.02946
 0.3096 -0.3096
 -0.5766 0.5766
 -0.7291 0.7291
 0.7724 -0.7724
 -0.4901 0.4901
 0.4082 -0.4082
 -1.025 1.025
 0.2489 -0.2489
 0.1671 -0.1671
 -1.223 1.223
 -0.02104 0.02104
 -0.4072 0.4072
 -0.3597 0.3597
 0.3891 -0.3891
 -0.1436 0.1436
 -0.002884 0.002884
 -0.1661 0.1661
 0.4525 -0.4525
 -0.8031 0.8031
 -1.437 1.437
 0.1176 -0.1176
 0.08181 -0.08181
 -0.1651 0.1651
 0.6722 -0.6722
 0.3089 -0.3089
 -0.6069 0.6069
 -0.3397 0.3397
 -1.123 1.123
 0.2487 -0.2487
 -0.01909 0.01909
 -0.01872 0.01872
 0.5225 -0.5225
 -0.3534 0.3534
 -0.3039 0.3039
 0.03396 -0.03396
 0.0105 -0.0105
 0.2663 -0.2663
 -0.09806 0.09806
 -0.1775 0.1775
 0.1811 -0.1811
 -0.0911 0.0911
 0.5542 -0.5542
 0.7303 -0.7303
 -0.5706 0.5706
 0.5532 -0.5532
 0.5414 -0.5414
 -2.059 2.059
 -0.3409 0.3409
 -0.06576 0.06576
 0.5811 -0.5811
 -0.3025 0.3025
 -0.07929 0.07929
 0.0278 -0.0278
 0.01409 -0.01409
 -0.3503 0.3503
 1.002 -1.002
 -0.2362 0.2362
 0.1746 -0.1746
 -1.361 1.361
 -0.1738 0.1738
 0.02522 -0.02522
 0.08993 -0.08993
 -0.4084 0.4084
 -0.2012 0.2012
 -0.1175 0.1175
 -0.3978 0.3978
 -0.2486 0.2486
 -0.0842 0.0842
 0.3011 -0.3011
 0.1518 -0.1518
 0.003569 -0.003569
 0.2123 -0.2123
 -0.08662 0.08662
 -0.4069 0.4069
 0.1652 -0.1652
 -0.1103 0.1103
 -0.6073 0.6073
 -0.009671 0.009671
 -0.8414 0.8414
 -0.2074 0.2074
 0.4212 -0.4212
 -0.2209 0.2209
 -0.227 0.227
 -0.04675 0.04675
 -0.4443 0.4443
 0.2107 -0.2107
 0.09124 -0.09124
 -0.5387 0.5387
 0.05827 -0.05827
 -0.01124 0.01124
 -0.03659 0.03659
 -0.255 0.255
 1.537 -1.537
 -0.004155 0.004155
 -0.1908 0.1908
 -0.1157 0.1157
 0.3395 -0.3395
 -0.3353 0.3353
 0.5029 -0.5029
 0.2161 -0.2161
 0.4813 -0.4813
 1.255 -1.255
 0.7392 -0.7392
 -0.4236 0.4236
 0.01283 -0.01283
 0.5361 -0.5361
 -0.1592 0.1592
 0.04586 -0.04586
 -0.2066 0.2066
 0.1221 -0.1221
 0.1892 -0.1892
 -0.3422 0.3422
 -0.7275 0.7275
 0.2088 -0.2088
 -0.32 0.32
 0.8841 -0.8841
 0.1884 -0.1884
 0.1847 -0.1847
 -0.9097 0.9097
 -0.6014 0.6014
 0.2534 -0.2534
 0.2035 -0.2035
 0.746 -0.746
 -0.2689 0.2689
 0.1683 -0.1683
 -0.1064 0.1064
 0.3936 -0.3936
 -0.3556 0.3556
 0.1981 -0.1981
 -0.5813 0.5813
 -0.7546 0.7546
 0.2768 -0.2768
 0.1201 -0.1201
 -0.6043 0.6043
 0.2485 -0.2485
 0.3204 -0.3204
 -0.3744 0.3744
 -0.3103 0.3103
 -0.004597 0.004597
 -0.246 0.246
 -0.4656 0.4656
 -0.1701 0.1701
 1.09 -1.09
 -0.975 0.975
 0.1251 -0.1251
 0.5875 -0.5875
 0.2872 -0.2872
 -0.8995 0.8995
 -0.0885 0.0885
 0.7398 -0.7398
 -0.08059 0.08059
 -0.05381 0.05381
 -0.4027 0.4027
 -0.6066 0.6066
 -0.8446 0.8446
 0.249 -0.249
 0.1325 -0.1325
 -0.3282 0.3282
 -0.0767 0.0767
 0.01589 -0.01589
 0.2677 -0.2677
 -0.6283 0.6283
 -0.5628 0.5628
 -0.2061 0.2061
 0.1006 -0.1006
 0.2557 -0.2557
 -0.5561 0.5561
 -0.1331 0.1331
 0.7738 -0.7738
 0.4733 -0.4733
 0.2537 -0.2537
 -1.112 1.112
 0.1648 -0.1648
 -0.6476 0.6476
 -0.282 0.282
 0.03622 -0.03622
 0.773 -0.773
 -0.07259 0.07259
 0.2315 -0.2315
 -0.6183 0.6183
 -0.237 0.237
 -0.5622 0.5622
 -0.4396 0.4396
 0.4825 -0.4825
 0.5288 -0.5288
 -0.09905 0.09905
 0.4262 -0.4262
 0.2058 -0.2058
 0.4165 -0.4165
 0.1484 -0.1484
 0.1658 -0.1658
 0.4611 -0.4611
 -0.4554 0.4554
 0.5601 -0.5601
 -0.4527 0.4527
 0.2789 -0.2789
 0.1928 -0.1928
 0.7365 -0.7365
 -0.5594 0.5594
 0.0453 -0.0453
 -0.1713 0.1713
 0.8914 -0.8914
 0.3029 -0.3029
 0.6027 -0.6027
 0.05291 -0.05291
 -0.03437 0.03437
 0.3023 -0.3023
 -0.07923 0.07923
 -0.4022 0.4022
 0.2516 -0.2516
 -0.1841 0.1841
 0.04455 -0.04455
 0.1215 -0.1215
 -0.1298 0.1298
 -0.1662 0.1662
 0.05799 -0.05799
 0.05779 -0.05779
 0.03962 -0.03962
 -0.4331 0.4331
 0.264 -0.264
 -0.4603 0.4603
 0.05886 -0.05886
 -0.1284 0.1284
 0.09304 -0.09304
 -0.3971 0.3971
 0.01908 -0.01908
 -0.247 0.247
 0.002919 -0.002919
 0.1667 -0.1667
 0.3054 -0.3054
 -0.2256 0.2256
 -0.07343 0.07343
 -0.7523 0.7523
 -0.1978 0.1978
 -0.101 0.101
 0.2203 -0.2203
 -0.4951 0.4951
 -0.8525 0.8525
 0.085 -0.085
 -0.2012 0.2012
 0.5117 -0.5117
 -0.09649 0.09649
 0.7894 -0.7894
 -0.04081 0.04081
 0.3813 -0.3813
 -0.9559 0.9559
 0.08456 -0.08456
 0.2515 -0.2515
 -0.2283 0.2283
 0.03548 -0.03548
 0.08199 -0.08199
 -0.274 0.274
 -0.7654 0.7654
 -0.5083 0.5083
 0.53 -0.53
 -0.0525 0.0525
 -0.2937 0.2937
 0.2283 -0.2283
 -0.3006 0.3006
 -0.2331 0.2331
 -0.8208 0.8208
 -0.2993 0.2993
 0.5268 -0.5268
 -0.05161 0.05161
 -0.5607 0.5607
 0.009785 -0.009785
 0.7217 -0.7217
 -0.7265 0.7265
 0.4139 -0.4139
 0.0427 -0.0427
 0.2895 -0.2895
 0.9727 -0.9727
 0.1339 -0.1339
 0.09485 -0.09485
 -0.7674 0.7674
 0.1788 -0.1788
 0.1768 -0.1768
 0.1896 -0.1896
 -0.5889 0.5889
 -0.002361 0.002361
 -0.3892 0.3892
 -0.1377 0.1377
 0.2024 -0.2024
 0.2564 -0.2564
 -0.3625 0.3625
 0.1777 -0.1777
 -0.1952 0.1952
 -0.6499 0.6499
 -0.431 0.431
 -0.525 0.525
 -0.1957 0.1957
 0.1313 -0.1313
 0.3027 -0.3027
 0.5386 -0.5386
 0.3348 -0.3348
 0.08295 -0.08295
 -0.01571 0.01571
 0.07638 -0.07638
 0.08594 -0.08594
 -0.3215 0.3215
 0.3198 -0.3198
 -0.5222 0.5222
 0.04317 -0.04317
 0.4569 -0.4569
 -0.312 0.312
 -0.1833 0.1833
 0.07439 -0.07439
 0.2662 -0.2662
 -0.08128 0.08128
 -0.3326 0.3326
 -0.2124 0.2124
 0.2908 -0.2908
 0.3074 -0.3074
 0.4772 -0.4772
 -0.09654 0.09654
 -0.3185 0.3185
 0.3389 -0.3389
 0.2441 -0.2441
 0.3181 -0.3181
 -0.555 0.555
 -0.7581 0.7581
 0.7756 -0.7756
 0.6689 -0.6689
 -0.04449 0.04449
 -0.04098 0.04098
 1.277 -1.277
 0.0616 -0.0616
 0.3864 -0.3864
 0.3077 -0.3077
 -0.5698 0.5698
 -0.2055 0.2055
 -0.3671 0.3671
 0.2067 -0.2067
 -0.06847 0.06847
 0.6036 -0.6036
 0.2313 -0.2313
 -0.6886 0.6886
 -0.1218 0.1218
 -1.152 1.152
 0.7765 -0.7765
 -0.5166 0.5166
 1.211 -1.211
 -0.3287 0.3287
 -0.09316 0.09316
 0.3476 -0.3476
 0.1564 -0.1564
 -0.4195 0.4195
 -0.6799 0.6799
 -0.507 0.507
 -0.5651 0.5651
 0.5567 -0.5567
 0.01604 -0.01604
 -0.5 0.5
 -0.5728 0.5728
 0.1736 -0.1736
 0.2939 -0.2939
 -0.6398 0.6398
 -0.1471 0.1471
 0.1229 -0.1229
 -0.09895 0.09895
 -0.6706 0.6706
 -0.2325 0.2325
 -0.7025 0.7025
 -0.4568 0.4568
 -0.3536 0.3536
 -0.459 0.459
 0.3935 -0.3935
 -0.6908 0.6908
 -0.6139 0.6139
 0.1574 -0.1574
 -0.2151 0.2151
 0.3241 -0.3241
 0.696 -0.696
 -0.2881 0.2881
 -0.5054 0.5054
 -0.4818 0.4818
 -0.2743 0.2743
 -0.2732 0.2732
 0.2312 -0.2312
 0.3611 -0.3611
 0.1222 -0.1222
 -0.06465 0.06465
 -0.1894 0.1894
 0.07294 -0.07294
 0.738 -0.738
 0.0782 -0.0782
 -0.2264 0.2264
 0.2872 -0.2872
 0.1745 -0.1745
 -0.3475 0.3475
 0.68 -0.68
 -0.2867 0.2867
 -0.3882 0.3882
 0.2335 -0.2335
 0.4205 -0.4205
 -1.039 1.039
 -0.07123 0.07123
 -0.212 0.212
 0.08643 -0.08643
 -0.3698 0.3698
 -0.4365 0.4365
 0.24 -0.24
 -0.3458 0.3458
 0.2714 -0.2714
 0.3964 -0.3964
 0.0184 -0.0184
 -0.5645 0.5645
 0.3542 -0.3542
 0.02719 -0.02719
 0.4998 -0.4998
 -0.14 0.14
 0.2031 -0.2031
 0.04083 -0.04083
 -0.1126 0.1126
 0.3879 -0.3879
 -0.1447 0.1447
 0.2428 -0.2428
 0.1125 -0.1125
 -0.03628 0.03628
 0.7339 -0.7339
 -0.05287 0.05287
 0.1978 -0.1978
 0.06658 -0.06658
 -0.008627 0.008627
 -0.6436 0.6436
 0.161 -0.161
 -0.2185 0.2185
 0.02943 -0.02943
 -0.07387 0.07387
 -0.1595 0.1595
 0.1929 -0.1929
 -0.02889 0.02889
 0.04863 -0.04863
 -0.4608 0.4608
 0.2453 -0.2453
 0.1567 -0.1567
 -0.3657 0.3657
 -0.4552 0.4552
 0.2342 -0.2342
 -0.0004227 0.0004227
 0.1194 -0.1194
 -0.202 0.202
 -0.3168 0.3168
 -0.1142 0.1142
 -0.08145 0.08145
 -0.506 0.506
 0.05927 -0.05927
 -0.02323 0.02323
 -0.9015 0.9015
 0.09986 -0.09986
 -0.9863 0.9863
 -0.3953 0.3953
 -0.07943 0.07943
 -0.2718 0.2718
 -0.5819 0.5819
 0.1998 -0.1998
 -0.422 0.422
 0.9197 -0.9197
 1.584 -1.584
 -0.632 0.632
 -0.07485 0.07485
 -1.029 1.029
 0.1422 -0.1422
 0.2691 -0.2691
 1.117 -1.117
 0.239 -0.239
 -0.4627 0.4627
 0.5215 -0.5215
 -0.72 0.72
 -0.2015 0.2015
 -0.3736 0.3736
 -0.2338 0.2338
 -0.2641 0.2641
 -0.135 0.135
 -0.2655 0.2655
 0.1332 -0.1332
 0.1167 -0.1167
 0.1811 -0.1811
 0.3347 -0.3347
 -0.9082 0.9082
 -0.4956 0.4956
 0.1118 -0.1118
 -0.2427 0.2427
 0.2921 -0.2921
 0.6656 -0.6656
 -0.4388 0.4388
 -0.2505 0.2505
 -0.6524 0.6524
 -0.2538 0.2538
 0.5831 -0.5831
 0.5184 -0.5184
 -0.1736 0.1736
 0.4065 -0.4065
 -0.4892 0.4892
 0.2289 -0.2289
 -0.04431 0.04431
 -0.4092 0.4092
 0.04566 -0.04566
 -0.4858 0.4858
 -0.1933 0.1933
 -0.4647 0.4647
 0.7208 -0.7208
 -0.4355 0.4355
 -0.1564 0.1564
 -0.3404 0.3404
 -0.2128 0.2128
 -0.1136 0.1136
 0.1977 -0.1977
 0.1549 -0.1549
 -0.2009 0.2009
 -0.5865 0.5865
 0.4626 -0.4626
 -0.1845 0.1845
 0.2845 -0.2845
 0.5991 -0.5991
 -0.4943 0.4943
 -0.777 0.777
 0.08979 -0.08979
 -0.5034 0.5034
 -0.5898 0.5898
 -0.08539 0.08539
 -0.4581 0.4581
 0.3314 -0.3314
 0.3661 -0.3661
 0.3968 -0.3968
 -0.02949 0.02949
 0.2877 -0.2877
 0.1092 -0.1092
 -0.195 0.195
 0.3237 -0.3237
 0.798 -0.798
 0.07943 -0.07943
 0.4997 -0.4997
 0.9195 -0.9195
 -0.3223 0.3223
 0.1537 -0.1537
 -0.5464 0.5464
 0.5613 -0.5613
 -0.2813 0.2813
 0.06664 -0.06664
 0.3256 -0.3256
 0.5531 -0.5531
 -0.09206 0.09206
 -0.3674 0.3674
 0.5498 -0.5498
 -0.3508 0.3508
 -0.1913 0.1913
 0.4458 -0.4458


