# Created by Octave 3.8.2, Wed Dec 14 09:18:55 2016 CET <jocolsan@EVIRL-009-OK.dsic.cloud>
# name: w
# type: matrix
# rows: 197
# columns: 10
 -0.1847 -0.1622 -0.1686 -0.1847 -0.1736 -0.1527 -0.1643 -0.1657 -0.2207 -0.1853
 0 0 0 0 0 0 0 0 0 0
 0 0 0 0 0 0 0 0 0 0
 -0.0009 -0.001433 -0.005208 -0.002216 -0.001816 0.004892 -0.0004082 -0.003667 -0.004908 -0.003508
 -0.001868 -0.007445 -0.006309 -0.005268 -0.005195 0.000593 -0.002255 0.007431 -0.005142 -0.004813
 -0.003528 -0.01184 0.001782 -0.007814 -0.002217 -0.007607 -0.007411 0.01656 -0.006745 -0.005644
 -0.01096 -0.01891 -0.008059 -0.007337 0.002195 -0.01511 -0.00916 0.00664 0.006142 -0.02082
 -0.01098 -0.02467 -0.01877 -0.01301 -0.01934 -0.03192 -0.02558 -0.01858 -0.01115 -0.008827
 -0.03365 -0.03614 -0.04587 -0.02923 -0.04157 -0.04582 -0.03253 -0.0506 -0.02926 -0.008541
 -0.05655 -0.03467 -0.04916 -0.05921 -0.06783 -0.04428 -0.04959 -0.07895 -0.03617 -0.031
 -0.05207 -0.04774 -0.04105 -0.05089 -0.06682 -0.05754 -0.05481 -0.04601 -0.0437 -0.03462
 -0.05339 -0.04726 -0.04893 -0.0522 -0.04376 -0.04959 -0.05267 -0.05048 -0.0579 -0.05344
 -0.02841 -0.01203 -0.02859 -0.02763 -0.01399 -0.0151 -0.02364 -0.01633 -0.02824 -0.02787
 -0.0124 0.003448 -0.01791 -0.02468 -0.006734 0.01488 -0.01546 -0.01083 -0.0117 -0.006868
 0 -0.0002 -0.0004 -0.0004 0.0002 0.0003 0 0 0 0
 0 0 0 -0.00248 0 0 0 0.00248 0 -0.001364
 -0.0001524 -0.001015 -0.0001529 -0.002304 0.001188 -0.001065 -0.0003697 0.002287 -0.0001462 -0.001161
 -0.005564 -0.007997 -0.001885 -0.01466 -0.006085 -0.003197 -0.007704 0.01211 -0.01121 -0.008256
 -0.01578 -0.01658 -0.0133 -0.008721 -0.01665 -0.01279 -0.01511 0.005799 -0.01501 -0.01661
 -0.0377 -0.04978 -0.03606 -0.02848 -0.02421 -0.02974 -0.05222 -0.01444 -0.03763 -0.05424
 -0.06195 -0.09022 -0.06994 -0.05807 -0.06244 -0.06447 -0.07051 -0.03227 -0.06639 -0.07226
 -0.08254 -0.1122 -0.08704 -0.0774 -0.09496 -0.09204 -0.101 -0.06478 -0.08904 -0.06964
 -0.1056 -0.1194 -0.0944 -0.09489 -0.1342 -0.1147 -0.1115 -0.08712 -0.1015 -0.06716
 -0.1069 -0.1252 -0.1175 -0.1126 -0.151 -0.1214 -0.1137 -0.09677 -0.1071 -0.07284
 -0.1231 -0.1299 -0.1218 -0.1283 -0.1417 -0.124 -0.1279 -0.1039 -0.1099 -0.09715
 -0.09868 -0.09881 -0.1088 -0.09613 -0.09057 -0.1009 -0.09364 -0.06735 -0.09816 -0.1127
 -0.06226 -0.05642 -0.07389 -0.06149 -0.04758 -0.04564 -0.06683 -0.04388 -0.0748 -0.07313
 -0.02406 -0.01575 -0.03426 -0.0191 -0.01418 0.01086 -0.03072 -0.01902 -0.03403 -0.02068
 -0.003149 -0.001793 -0.002478 -0.009093 -0.003773 0.009226 -0.002842 0.00218 -0.003158 -0.004274
 -0.001823 -0.001892 -0.000585 0.0021 -0.0002 -0.0012 -2.3e-05 -0.0002 -2.3e-05 -0.001446
 -0.004752 -0.003006 0.004131 -0.002032 -0.0004311 -0.006992 -0.006157 0.0004651 -0.003445 -0.003537
 -0.007028 -0.009224 -0.005841 -0.01823 -0.01286 -0.008284 -0.009618 -0.004227 -0.002869 -0.01238
 -0.03228 -0.03331 -0.02955 -0.0248 -0.03123 -0.02789 -0.03704 -0.01195 -0.02326 -0.04472
 -0.06198 -0.08079 -0.06252 -0.0578 -0.06326 -0.07047 -0.07608 -0.04715 -0.06403 -0.05436
 -0.07254 -0.0965 -0.07441 -0.07965 -0.08699 -0.08082 -0.0847 -0.06804 -0.07003 -0.07303
 -0.07096 -0.09402 -0.07735 -0.07694 -0.08283 -0.07506 -0.08548 -0.04301 -0.05968 -0.08333
 -0.06627 -0.06776 -0.0659 -0.0621 -0.08807 -0.06793 -0.07189 -0.04839 -0.07222 -0.07235
 -0.05838 -0.05443 -0.0594 -0.05545 -0.08766 -0.06947 -0.07536 -0.04842 -0.08201 -0.08467
 -0.08733 -0.09589 -0.0999 -0.1087 -0.09842 -0.106 -0.1124 -0.09684 -0.09312 -0.1007
 -0.09322 -0.09535 -0.0978 -0.1004 -0.07933 -0.1016 -0.1023 -0.08304 -0.09652 -0.1042
 -0.0498 -0.05779 -0.06614 -0.02866 -0.05022 -0.05394 -0.06258 -0.03259 -0.04172 -0.05162
 -0.02404 -0.02178 -0.02787 -0.01125 -0.03194 -0.009681 -0.03049 -0.01923 -0.01435 -0.01575
 -0.01159 -0.004696 -0.006411 -0.003791 -0.006284 0.006433 -0.005844 -0.004448 -0.00205 -0.00811
 -0.0001 -0.0005 0.0055 0 -0.0005 0 -0.0019 0 -0.005 -0.0002
 -0.001887 -0.001499 0.003479 -0.002412 -0.0002918 -0.001791 -0.003162 -0.002811 -0.00158 0.0001842
 -0.01417 -0.01184 -0.01083 -0.03403 -0.0209 -0.003662 -0.01975 -0.00988 -0.01045 -0.02327
 -0.04193 -0.04978 -0.02986 -0.06291 -0.05106 -0.03881 -0.05304 -0.04657 -0.04199 -0.0384
 -0.07269 -0.08775 -0.06509 -0.0594 -0.05642 -0.05945 -0.07063 -0.0595 -0.06781 -0.05642
 -0.06053 -0.08832 -0.06061 -0.07439 -0.05297 -0.0582 -0.07366 -0.05364 -0.05362 -0.06107
 -0.03842 -0.0644 -0.05611 -0.06372 -0.0532 -0.04531 -0.04373 -0.04796 -0.04433 -0.04323
 -0.02317 -0.03617 -0.05172 -0.0459 -0.05567 -0.01923 -0.05588 -0.0517 -0.07087 -0.02992
 -0.04441 -0.03637 -0.06527 -0.04309 -0.06073 -0.05212 -0.06812 -0.03759 -0.06875 -0.08077
 -0.09899 -0.101 -0.114 -0.1098 -0.1024 -0.1147 -0.128 -0.08907 -0.1119 -0.1018
 -0.07645 -0.08946 -0.08817 -0.06939 -0.08867 -0.09285 -0.1037 -0.07391 -0.08213 -0.0849
 -0.04123 -0.04623 -0.04553 -0.02529 -0.04001 -0.05154 -0.05893 -0.05132 -0.0227 -0.0289
 -0.01595 -0.02313 -0.03269 0.007829 -0.0285 -0.02014 -0.0272 -0.0184 -0.01711 -0.01966
 -0.007595 -0.009658 -0.00302 0.00058 -0.01065 -0.003555 -0.009983 -0.002714 -0.002648 -0.004437
 -0.0022 -0.002 0.0042 0 -0.0016 -0.0015 0 -0.0004 -0.0006 -0.0009
 -0.0004117 -0.003999 0.006426 -0.0019 0.0004244 -0.002375 -0.005371 -0.005776 -0.006592 -0.001362
 -0.01994 -0.01899 -0.02731 -0.03108 -0.02801 -0.005356 -0.02174 -0.02703 -0.0127 -0.01001
 -0.05104 -0.06382 -0.05216 -0.07595 -0.05685 -0.04717 -0.05317 -0.05516 -0.06004 -0.02446
 -0.06478 -0.08446 -0.0706 -0.08995 -0.05688 -0.05601 -0.07717 -0.06344 -0.0636 -0.06791
 -0.06357 -0.06383 -0.03768 -0.07967 -0.05426 -0.0408 -0.0681 -0.08343 -0.06602 -0.02974
 -0.04876 -0.05612 -0.05504 -0.06859 -0.05935 -0.02881 -0.05551 -0.08727 -0.03562 -0.03449
 -0.06127 -0.05215 -0.0594 -0.05838 -0.0644 -0.04112 -0.05822 -0.07967 -0.04521 -0.02786
 -0.08837 -0.05586 -0.08955 -0.069 -0.08461 -0.1086 -0.09318 -0.07813 -0.1092 -0.0722
 -0.08964 -0.1135 -0.1018 -0.09082 -0.09754 -0.1342 -0.1329 -0.1137 -0.1014 -0.1073
 -0.04442 -0.06153 -0.05541 -0.05987 -0.06645 -0.0694 -0.07967 -0.0609 -0.06275 -0.04453
 -0.01061 -0.02698 -0.03251 -0.01241 -0.02483 -0.04313 -0.04551 -0.02319 -0.02106 -0.01909
 0.006025 -0.008616 -0.007264 0.008805 -0.008435 -0.02349 -0.01393 -0.006842 -0.005874 -0.01066
 0.006978 -0.000845 -0.000458 3.4e-05 -0.000422 -0.007518 -0.001038 -0.000582 -0.000922 -0.000761
 -0.000506 -0.00046 0.000966 0 -0.000368 -0.000345 0 -9.2e-05 -0.000138 -0.000207
 0.0008748 -0.008595 -0.003864 -0.01165 0.00295 -0.002622 -0.004478 -0.007764 -0.002592 -0.008733
 -0.01463 -0.03357 -0.04065 -0.03742 -0.007797 -0.01713 -0.01533 -0.02536 -0.01457 -0.01231
 -0.04056 -0.06148 -0.06555 -0.0734 -0.03077 -0.02704 -0.04271 -0.07018 -0.04959 -0.02499
 -0.06549 -0.07461 -0.09449 -0.08043 -0.04449 -0.04951 -0.06078 -0.07243 -0.0494 -0.05085
 -0.05404 -0.05275 -0.06728 -0.06866 -0.03698 -0.05728 -0.05078 -0.09109 -0.04309 -0.04265
 -0.05369 -0.06346 -0.07966 -0.05815 -0.05115 -0.04612 -0.06766 -0.08636 -0.06278 -0.03919
 -0.1029 -0.08105 -0.09467 -0.08304 -0.09252 -0.09187 -0.1079 -0.1063 -0.09035 -0.07572
 -0.1187 -0.1085 -0.1141 -0.0974 -0.1004 -0.1156 -0.1198 -0.1131 -0.1142 -0.0912
 -0.08211 -0.07706 -0.07543 -0.05661 -0.06893 -0.08783 -0.1016 -0.07267 -0.08245 -0.06024
 -0.03447 -0.03247 -0.03654 -0.03545 -0.03584 -0.04439 -0.05538 -0.03767 -0.04348 -0.009819
 0.003387 -0.01266 -0.01127 -0.006801 -0.004282 -0.02678 -0.03132 -0.01589 -0.01501 -0.01466
 0.006926 -0.003508 -0.001853 -0.005917 -0.003442 -0.01335 -0.008857 -0.004391 -0.001779 -0.003893
 0.006437 -0.0002317 -0.0004334 -0.0002586 -0.0002317 -0.006216 -0.0006894 -0.0004317 -0.0005758 -0.0005421
 0.002256 -0.0009967 -0.003613 -0.0004151 0.002311 -0.001429 -0.0001074 -8.44e-05 -0.0003374 -0.0004294
 -0.001337 -0.01143 -0.01665 -0.01889 0.006311 -9.534e-05 -0.004398 -0.01745 -0.01583 -0.002442
 -0.007453 -0.02173 -0.04236 -0.03548 -0.003848 -0.002119 -0.01144 -0.02924 -0.0194 -0.02036
 -0.04296 -0.0608 -0.07021 -0.04296 -0.02227 -0.03739 -0.04069 -0.06082 -0.06148 -0.04596
 -0.05876 -0.06531 -0.08595 -0.07613 -0.04662 -0.03689 -0.06445 -0.07513 -0.07321 -0.06966
 -0.07504 -0.07848 -0.09893 -0.08471 -0.07818 -0.05158 -0.06842 -0.1132 -0.07928 -0.06098
 -0.1134 -0.1011 -0.104 -0.08414 -0.09512 -0.08707 -0.1108 -0.1137 -0.08744 -0.0831
 -0.1242 -0.09467 -0.1101 -0.1063 -0.1058 -0.1167 -0.1201 -0.1225 -0.1087 -0.1096
 -0.09988 -0.0744 -0.1056 -0.08123 -0.08236 -0.08833 -0.09557 -0.1059 -0.07423 -0.08751
 -0.06307 -0.05465 -0.05295 -0.05346 -0.0486 -0.05624 -0.05298 -0.05028 -0.08033 -0.03026
 -0.03204 -0.03157 -0.01817 -0.04167 -0.01691 -0.01692 -0.04052 -0.01759 -0.04042 -0.02726
 -0.003277 -0.01379 -0.0143 -0.01454 -0.007255 -0.02658 -0.01938 -0.01432 -0.02165 -0.01818
 0.009665 -0.003286 -0.008935 0.003615 -0.003106 -0.01925 -0.008808 -0.004747 -0.004805 -0.004695
 0.001024 -0.000338 -0.000621 0.000236 -0.000323 -0.001138 -0.001206 -0.000623 -0.000922 -0.000869
 0.000362 -0.004676 -0.006476 -0.002176 0.00988 -0.0038 0.0014 -0.0007 -0.0017 -0.006742
 0.007332 -0.011 -0.01752 -0.01268 0.01355 -0.01442 -0.002027 -0.0141 -0.01707 -0.009113
 -0.01076 -0.02111 -0.00903 -0.02466 -0.005341 -0.02923 -0.0175 -0.02086 -0.03769 -0.02708
 -0.03236 -0.03882 -0.04171 -0.03619 -0.03114 -0.03827 -0.03104 -0.04726 -0.05374 -0.04109
 -0.05462 -0.06882 -0.05402 -0.05959 -0.04331 -0.05693 -0.04715 -0.07395 -0.04498 -0.05826
 -0.08892 -0.07672 -0.08185 -0.0664 -0.07575 -0.07791 -0.08281 -0.09822 -0.07714 -0.0774
 -0.1125 -0.09915 -0.09963 -0.09761 -0.105 -0.1038 -0.1123 -0.1194 -0.08157 -0.105
 -0.1035 -0.0914 -0.1146 -0.08866 -0.09815 -0.09913 -0.103 -0.0953 -0.1019 -0.1006
 -0.07251 -0.05009 -0.07387 -0.06374 -0.05353 -0.06508 -0.06386 -0.06982 -0.05816 -0.06206
 -0.04261 -0.03879 -0.04151 -0.03156 -0.0301 -0.03868 -0.03353 -0.03915 -0.05296 -0.03176
 -0.03077 -0.03534 -0.03214 -0.02376 -0.03157 -0.03417 -0.02387 -0.03321 -0.04646 -0.03585
 0.003484 -0.01523 -0.02554 -0.01691 -0.01471 -0.01808 -0.01006 -0.01445 -0.0254 -0.02149
 0.01252 -0.004281 -0.01938 0.004047 3.499e-05 -0.01873 -0.0052 -0.006932 -0.006266 -0.005516
 -0.002808 -0.0002 -0.001992 0.0047 -0.0001 -0.002 -0.0003 -0.0003 -0.0002 -0.0004
 0.006462 -0.003047 -0.007028 0.0005748 -0.0001955 -0.002401 0.00113 -0.001891 -0.002478 -0.001354
 0.005073 -0.0133 -0.001172 -0.01421 -0.008828 -0.0305 -0.009324 -0.01263 -0.01875 -0.01738
 0.001986 -0.01206 -0.007448 -0.03005 -0.001766 -0.0418 -0.009361 -0.01671 -0.008001 -0.01715
 -0.01495 -0.03893 -0.02872 -0.05808 -0.01975 -0.06545 -0.01774 -0.03838 -0.02056 -0.04058
 -0.05334 -0.0434 -0.04854 -0.07834 -0.04932 -0.07602 -0.03776 -0.05933 -0.03897 -0.05236
 -0.06829 -0.05852 -0.06362 -0.06962 -0.06471 -0.08981 -0.06725 -0.06475 -0.05138 -0.07888
 -0.09468 -0.07685 -0.07702 -0.1182 -0.08169 -0.1022 -0.0943 -0.09843 -0.06974 -0.09109
 -0.09385 -0.07948 -0.05434 -0.09086 -0.06239 -0.07481 -0.07153 -0.07019 -0.07418 -0.07903
 -0.06778 -0.06279 -0.05033 -0.05021 -0.06133 -0.07036 -0.04492 -0.05757 -0.0451 -0.05617
 -0.04269 -0.04992 -0.03544 -0.03493 -0.03761 -0.04329 -0.04484 -0.0394 -0.02743 -0.06377
 -0.02961 -0.03567 -0.05167 -0.02649 -0.03151 -0.0368 -0.0203 -0.03287 -0.043 -0.04229
 -0.00731 -0.01436 -0.0317 -0.01648 -0.02368 -0.01883 -0.0117 -0.02244 -0.02609 -0.02957
 -0.007637 -0.008903 -0.0145 0.002002 -0.01211 -0.01702 -8.88e-05 -0.006282 -0.01249 -0.01172
 -0.0046 -0.00486 0.004327 -0.007051 -0.009035 -0.000366 -0.007629 -0.00173 -0.01155 -0.006156
 -0.0035 -0.008519 -0.003863 -0.006731 -0.01529 -0.002059 -0.006613 -0.005526 -0.01182 -0.01124
 -0.01804 -0.03002 -0.01249 -0.02469 -0.04035 -0.01162 -0.02925 -0.01911 -0.02606 -0.04106
 -0.0231 -0.03574 -0.01435 -0.03987 -0.03545 -0.04399 -0.03403 -0.03148 -0.01786 -0.05003
 -0.04356 -0.04391 -0.02765 -0.08261 -0.04933 -0.06851 -0.03883 -0.0551 -0.02804 -0.06157
 -0.06268 -0.04552 -0.04315 -0.08743 -0.05364 -0.07782 -0.04224 -0.05767 -0.03954 -0.07042
 -0.08714 -0.06562 -0.05881 -0.09919 -0.0717 -0.09246 -0.07256 -0.07569 -0.06828 -0.09841
 -0.09032 -0.07163 -0.07435 -0.1021 -0.07871 -0.08316 -0.06314 -0.07744 -0.07289 -0.07963
 -0.07009 -0.05979 -0.05233 -0.06101 -0.05737 -0.05074 -0.04235 -0.0484 -0.06833 -0.06081
 -0.04068 -0.06972 -0.03819 -0.05345 -0.04026 -0.05593 -0.04372 -0.05403 -0.04643 -0.04686
 -0.0373 -0.05424 -0.03172 -0.02327 -0.04384 -0.04063 -0.03446 -0.03787 -0.04657 -0.06081
 -0.03873 -0.04351 -0.02654 -0.01482 -0.04834 -0.0469 -0.03535 -0.04039 -0.05534 -0.04816
 -0.01103 -0.01226 -0.009213 -0.01296 -0.0317 -0.009176 -0.01993 -0.02239 -0.02154 -0.02338
 -0.005316 -0.00916 -0.006374 0.00371 -0.01078 -0.007829 0.005884 -0.01196 -0.02059 -0.00938
 -0.004364 -0.003172 -0.004329 -0.00499 -0.000867 0.003223 0.004344 -0.001898 -0.00283 -0.000996
 -0.01236 -0.01233 -0.006584 -0.007941 -0.01403 0.008735 -0.01152 -0.006553 -0.01218 -0.01411
 -0.03136 -0.03945 -0.0295 -0.02015 -0.04963 -0.007423 -0.03223 -0.03078 -0.02466 -0.04529
 -0.05817 -0.06531 -0.03983 -0.0497 -0.06234 -0.03473 -0.04703 -0.05106 -0.04067 -0.06273
 -0.05448 -0.06676 -0.06685 -0.07595 -0.07651 -0.03918 -0.05066 -0.05658 -0.06369 -0.0841
 -0.07567 -0.07644 -0.07223 -0.08691 -0.09244 -0.05247 -0.05665 -0.07717 -0.07734 -0.08861
 -0.08527 -0.06579 -0.07421 -0.08408 -0.07912 -0.07244 -0.05454 -0.06597 -0.09646 -0.06975
 -0.07158 -0.05554 -0.05499 -0.06887 -0.06404 -0.07164 -0.03436 -0.06787 -0.05964 -0.05383
 -0.04984 -0.06418 -0.04548 -0.05174 -0.04444 -0.05933 -0.04338 -0.05195 -0.05075 -0.06276
 -0.03576 -0.0506 -0.0378 -0.03221 -0.0466 -0.04678 -0.05416 -0.04105 -0.04446 -0.05668
 -0.04233 -0.06323 -0.031 -0.02757 -0.03832 -0.04378 -0.02597 -0.03195 -0.03014 -0.06188
 -0.03856 -0.03331 -0.02865 -0.01212 -0.03136 -0.02831 -0.01871 -0.03333 -0.01919 -0.03737
 -0.02557 -0.01449 -0.02022 -0.02477 -0.03057 -0.003468 -0.01367 -0.0283 -0.01472 -0.02379
 -0.008444 -0.01145 0.01126 -0.01021 -0.01417 -0.003926 -0.007964 -0.01279 -0.02884 -0.01177
 -0.00487 -0.003602 0.01698 -0.002509 -0.00627 -0.004208 -0.002894 -0.002901 -0.01248 -0.003724
 -0.004323 -0.007942 -0.004908 -0.01533 -0.01273 -0.007552 -0.006017 -0.009383 0.004988 -0.008067
 -0.03403 -0.03072 -0.01531 -0.03005 -0.04398 -0.013 -0.03565 -0.03667 -0.02242 -0.04104
 -0.06594 -0.06271 -0.04618 -0.05186 -0.06921 -0.05875 -0.05601 -0.06821 -0.07371 -0.07557
 -0.08852 -0.08843 -0.08103 -0.07852 -0.09709 -0.09104 -0.07942 -0.1002 -0.08843 -0.1027
 -0.09762 -0.09194 -0.09397 -0.08537 -0.09457 -0.09174 -0.07741 -0.09408 -0.1106 -0.1027
 -0.08015 -0.0628 -0.07585 -0.07188 -0.07438 -0.06402 -0.06706 -0.06632 -0.0966 -0.09469
 -0.06173 -0.05799 -0.05886 -0.07248 -0.07224 -0.04806 -0.06328 -0.07349 -0.05724 -0.08613
 -0.05632 -0.0559 -0.0375 -0.05705 -0.05598 -0.0529 -0.04584 -0.06069 -0.06616 -0.08154
 -0.05863 -0.05405 -0.0279 -0.06308 -0.05394 -0.0351 -0.04109 -0.05851 -0.04695 -0.08171
 -0.05145 -0.05432 -0.02408 -0.03739 -0.04148 -0.03632 -0.02615 -0.04473 -0.03088 -0.06533
 -0.02631 -0.02425 0.002036 -0.0182 -0.02348 -0.01895 -0.0183 -0.03288 -0.03123 -0.03088
 -0.01634 -0.01619 0.01203 -0.01446 -0.0148 -0.009217 -0.01207 -0.02367 -0.02722 -0.01397
 -0.01254 -0.005347 0.002658 -0.005153 -0.005031 0.002956 -0.002866 -0.007399 -0.01507 -0.006695
 -0.000992 -0.000723 0.003331 -0.0006 -0.0003 -0.00076 -0.000884 -0.0005 -0.002494 -0.0006
 -0.003269 -0.002217 -0.0003553 -0.000947 -0.002406 -0.004346 -0.002425 -0.003594 0.001571 -0.005547
 -0.03429 -0.01379 -0.02838 -0.02618 -0.03668 -0.02285 -0.03188 -0.04295 -0.02029 -0.03947
 -0.06245 -0.0597 -0.03612 -0.06707 -0.06104 -0.04839 -0.04859 -0.05897 -0.07405 -0.07435
 -0.08781 -0.0951 -0.08359 -0.08369 -0.099 -0.1013 -0.08719 -0.1144 -0.08784 -0.1139
 -0.09816 -0.0992 -0.1151 -0.09769 -0.1195 -0.1191 -0.1035 -0.1087 -0.09325 -0.1487
 -0.08607 -0.09951 -0.112 -0.08311 -0.0943 -0.1017 -0.08096 -0.1038 -0.0622 -0.1185
 -0.06753 -0.06782 -0.09187 -0.06829 -0.07466 -0.07993 -0.05639 -0.08852 -0.06196 -0.08739
 -0.05374 -0.05606 -0.06322 -0.0655 -0.0619 -0.06419 -0.0466 -0.06726 -0.0535 -0.07856
 -0.04435 -0.04906 -0.03895 -0.04717 -0.042 -0.04766 -0.03402 -0.05793 -0.02818 -0.06674
 -0.03726 -0.03057 -0.01277 -0.03128 -0.02846 -0.02924 -0.03438 -0.04387 -0.02593 -0.03562
 -0.02696 -0.01653 0.01536 -0.01991 -0.01497 -0.008923 -0.01887 -0.02641 -0.01745 -0.01721
 -0.02028 -0.01008 0.03156 -0.005222 -0.006561 -0.009148 -0.00896 -0.01703 -0.0223 -0.01175
 -0.003731 -0.002573 0.001692 3.368e-05 -0.00381 -0.0006142 -0.001539 -0.005982 -0.005777 -0.005446
 -0.0007 -0.0004 0.0008 -0.0004 -0.0002 -0.0002 -0.0005 -0.0003 -0.0005 -0.0004
 0 0 0 0 0 0 0 0 0 0
 -0.009484 0.004846 -0.001417 -0.0071 -0.01236 -0.01118 -0.004938 -0.01186 -0.01508 -0.009952
 -0.02837 -0.01477 -0.02045 -0.01113 -0.02556 -0.02179 -0.01889 -0.02907 -0.02362 -0.03209
 -0.04705 -0.04358 -0.05256 -0.03689 -0.05924 -0.05513 -0.03501 -0.05599 -0.03921 -0.04285
 -0.04208 -0.04337 -0.0515 -0.05501 -0.05226 -0.03929 -0.04411 -0.06363 -0.04173 -0.0483
 -0.04229 -0.0384 -0.05063 -0.04379 -0.05242 -0.05262 -0.05246 -0.0469 -0.06761 -0.0661
 -0.04452 -0.03631 -0.04958 -0.02472 -0.04621 -0.04024 -0.04297 -0.03882 -0.03586 -0.03913
 -0.01322 -0.02187 -0.03931 -0.02314 -0.01594 -0.01583 -0.005769 -0.03027 -0.005325 -0.02769
 -0.01949 -0.008101 -0.02209 -0.009993 -0.01291 -0.008083 -0.009402 -0.02189 0.007683 -0.01715
 -0.01937 -0.005577 -0.00249 -0.007291 -0.004815 -0.008566 -0.01411 -0.01774 -0.007477 -0.008185
 -0.0141 -0.0034 0.001024 -0.001224 -0.0019 -0.005 -0.0063 -0.0056 -0.0063 -0.0058
 -0.003991 -0.002823 -0.001883 0.0009 -0.003446 0.002154 -0.00233 -0.005782 -0.003512 -0.0054
 -0.0005 -0.0003 0.0005 -0.0001 -0.0001 -0.0002 -0.0002 -0.0001 -0.0002 -0.0001
 0 0 0 0 0 0 0 0 0 0


